kinematics:
  shoulder:
    x: 0
    y: 0
    z: 0.1808172888144034
    roll: -0
    pitch: 0
    yaw: -1.285045201689788e-07
  upper_arm:
    x: -7.228600035811406e-05
    y: 0
    z: 0
    roll: 1.571299445064168
    pitch: 0
    yaw: -6.606284276593808e-06
  forearm:
    x: -0.6119903039798712
    y: 0
    z: 0
    roll: 3.140653123185866
    pitch: -3.140441945858194
    yaw: 3.141592000509969
  wrist_1:
    x: -0.5714265147707079
    y: 4.161252622479119e-05
    z: 0.1735753334220099
    roll: 3.141352916038338
    pitch: -3.140444849310529
    yaw: -3.141591955889719
  wrist_2:
    x: 1.814047559090581e-05
    y: -0.1199309068373207
    z: 6.090666497671345e-05
    roll: 1.570288478890243
    pitch: 0
    yaw: -5.148990143977184e-08
  wrist_3:
    x: 3.303868436328314e-05
    y: 0.1155735044856503
    z: 8.006745325239513e-05
    roll: 1.571489110498214
    pitch: 3.141592653589793
    yaw: 3.141592608818772
  hash: calib_13766262421802187819